12/part/0 -1 0.23 0.25 -0.10 0.07
12/part/1 -1 -0.05 -0.26 -0.11 -0.11
12/part/2 -1 -0.34 -0.52 -0.14 -0.05
12/part/3 -1 -0.05 0.17 -0.24 0.17
12/part/4 -1 0.21 0.17 -0.05 0.07
12/part/5 -1 0.21 0.14 -0.11 -0.03
12/part/6 -1 0.15 -0.03 -0.19 -0.23
12/part/7 -1 0.03 0.07 -0.29 -0.10
12/part/8 -1 0.25 0.20 0.01 0.13
12/part/9 -1 -0.07 0.09 -0.08 0.30
12/part/10 -1 -0.29 -0.05 -0.08 0.42
12/part/11 -1 0.15 -0.06 -0.14 -0.20
12/part/12 -1 0.04 -0.39 0.23 0.07
12/part/13 -1 0.13 -0.17 0.18 0.19
12/part/14 -1 -0.13 0.05 -0.09 0.38
12/part/15 -1 0.14 -0.14 0.15 0.17
12/part/16 -1 0.08 0.22 -0.22 0.12
12/part/17 -1 0.20 -0.16 -0.07 -0.22
12/part/18 -1 -0.19 -0.44 -0.06 0.02
12/part/19 -1 0.23 0.02 -0.07 -0.09
12/part/20 -1 0.12 0.02 -0.26 -0.18
12/part/21 -1 -0.12 0.11 -0.18 0.32
12/part/22 -1 -0.06 -0.33 0.07 0.12
12/part/23 -1 -0.09 -0.28 -0.20 -0.14
12/part/24 -1 -0.23 -0.19 -0.05 0.32
12/part/25 -1 -0.10 -0.36 -0.13 -0.11
12/part/26 -1 -0.08 0.30 -0.21 -0.07
12/part/27 -1 -0.20 -0.19 0.22 -0.18
12/part/28 -1 -0.07 -0.07 0.09 -0.24
12/part/29 -1 -0.31 -0.12 0.06 -0.13
12/part/30 -1 0.02 0.05 0.57 0.17
12/part/31 -1 0.06 -0.08 0.25 -0.23
12/part/32 -1 -0.36 0.13 0.15 0.21
12/part/33 -1 -0.06 0.14 0.54 0.28
12/part/34 -1 0.18 0.31 0.01 -0.09
12/part/35 -1 -0.04 0.10 0.34 0.09
12/part/36 -1 -0.34 -0.24 0.31 -0.06
12/part/37 -1 -0.05 -0.14 0.37 -0.12
12/part/38 -1 -0.46 -0.21 -0.06 -0.12
12/part/39 -1 -0.48 -0.03 0.07 0.17
12/part/40 -1 -0.06 0.10 -0.18 -0.21
12/part/41 -1 0.17 0.12 0.17 -0.10
12/part/42 -1 0.21 0.09 0.05 -0.25
12/part/43 -1 -0.20 0.17 -0.13 0.00
12/part/44 -1 0.19 0.11 0.03 -0.24
12/part/45 -1 -0.35 0.09 0.16 0.26
12/part/46 -1 -0.14 -0.04 -0.10 -0.24
12/part/47 -1 -0.06 0.25 -0.15 -0.04
12/part/48 -1 0.18 0.21 0.01 -0.14
12/part/49 -1 -0.37 0.01 0.23 0.25
12/part/50 -1 -0.02 0.29 -0.20 -0.07
12/part/51 -1 -0.20 -0.03 0.27 0.11
12/part/52 -1 0.00 0.14 -0.21 -0.24
12/part/53 -1 -0.18 0.15 0.11 0.16
12/part/54 -1 0.12 0.04 0.10 -0.20
12/part/55 -1 -0.37 0.23 -0.12 -0.03
12/part/56 -1 -0.52 -0.05 0.17 -0.07
12/part/57 -1 -0.15 0.13 -0.03 -0.21
12/part/58 -1 -0.39 -0.21 0.52 -0.10
12/part/59 -1 -0.07 0.04 0.45 -0.08
12/part/60 -1 0.16 0.32 0.13 -0.12
12/part/61 -1 -0.01 0.24 0.21 -0.05
12/part/62 -1 0.00 0.26 -0.07 -0.20
12/part/63 -1 -0.27 0.07 -0.12 -0.26
12/part/64 -1 0.01 0.27 -0.11 -0.21
12/part/65 -1 -0.04 0.21 -0.03 -0.19
12/part/66 -1 -0.36 -0.16 0.32 -0.18
12/part/67 -1 0.02 0.13 -0.04 -0.32
12/part/68 -1 -0.06 0.12 0.09 -0.20
12/part/69 -1 -0.16 0.06 0.02 -0.25
12/part/70 -1 -0.51 0.06 -0.05 -0.09
12/part/71 -1 -0.47 -0.09 0.62 0.13
12/part/72 -1 0.08 0.20 -0.06 -0.30
12/part/73 -1 -0.26 -0.20 -0.11 -0.17
12/part/74 -1 0.18 0.00 0.21 -0.08
12/part/75 -1 -0.25 -0.21 0.08 -0.02
12/part/76 -1 -0.04 0.12 -0.22 -0.14
12/part/77 -1 0.18 0.01 0.05 -0.21
12/part/78 -1 0.03 -0.21 0.24 -0.12
12/part/79 -1 -0.03 0.08 -0.16 -0.14
12/part/80 -1 0.10 -0.29 0.39 -0.13
12/part/81 -1 0.21 0.17 0.06 -0.07
12/part/82 -1 0.21 0.21 0.06 -0.02
12/part/83 -1 0.09 -0.18 0.30 -0.09
12/part/84 -1 0.19 0.00 0.04 -0.24
12/part/85 -1 -0.16 -0.19 0.13 -0.03
12/part/86 -1 0.15 0.25 0.00 -0.19
12/part/87 -1 0.13 0.00 0.25 -0.27
12/part/88 -1 -0.38 0.19 0.11 0.17
12/part/89 -1 0.14 0.17 0.09 -0.21
12/part/90 -1 0.04 0.13 -0.13 -0.33
12/part/91 -1 -0.04 0.28 -0.19 -0.16
12/part/92 -1 0.10 0.14 0.00 -0.27
12/part/93 -1 -0.57 -0.22 0.03 -0.17
12/part/94 -1 0.13 0.07 0.15 -0.25
12/part/95 -1 -0.55 -0.08 0.34 0.17
12/part/96 -1 -0.06 0.06 -0.08 -0.30
12/part/97 -1 -0.39 0.07 -0.12 -0.09
12/part/98 -1 -0.19 0.11 -0.18 -0.23
12/part/99 -1 -0.14 -0.04 0.55 0.07
12/part/100 -1 0.07 0.03 0.16 -0.25
12/part/101 -1 -0.18 0.12 0.21 0.03
12/part/102 -1 -0.72 0.08 0.02 0.22
12/part/103 -1 0.02 0.14 -0.09 -0.27
12/part/104 -1 0.01 0.33 -0.18 -0.14
12/part/105 -1 -0.27 -0.29 -0.05 0.26
12/part/106 -1 0.17 0.22 -0.15 0.07
12/part/107 -1 -0.17 -0.12 -0.16 0.15
12/part/108 -1 -0.04 -0.44 0.07 -0.04
12/part/109 -1 0.18 0.14 -0.01 0.17
12/part/110 -1 0.08 -0.01 -0.25 -0.16
12/part/111 -1 0.12 -0.44 0.23 -0.04
12/part/112 -1 0.16 0.17 -0.18 0.00
12/part/113 -1 0.18 -0.08 -0.16 -0.25
12/part/114 -1 0.22 0.08 -0.13 -0.10
12/part/115 -1 0.28 0.14 -0.07 -0.04
12/part/116 -1 -0.20 -0.38 -0.09 0.02
12/part/117 -1 0.26 0.11 -0.08 -0.05
12/part/118 -1 0.15 -0.04 0.29 0.41
12/part/119 -1 0.19 -0.29 0.11 -0.12
12/part/120 -1 0.03 -0.26 0.54 -0.17
12/part/121 -1 -0.04 0.14 0.47 0.23
12/part/122 -1 -0.14 -0.06 -0.03 -0.26
12/part/123 -1 0.11 0.03 0.03 -0.30
12/part/124 -1 0.11 0.16 0.08 -0.14
12/part/125 -1 -0.00 -0.14 0.25 -0.22
12/part/126 -1 0.08 0.21 0.08 -0.06
12/part/127 -1 -0.21 0.09 0.47 0.31
12/part/128 -1 -0.27 -0.13 0.02 -0.19
12/part/129 -1 0.02 0.10 -0.11 -0.27
12/part/130 -1 0.14 0.06 0.15 -0.21
12/part/131 -1 0.25 0.10 0.05 -0.33
12/part/132 -1 0.23 0.26 0.05 -0.14
12/part/133 -1 -0.57 -0.15 -0.01 -0.02
12/part/134 -1 0.03 0.21 -0.15 -0.19
12/part/135 -1 -0.26 -0.20 0.11 -0.20
12/part/136 -1 -0.28 -0.14 0.18 -0.08
12/part/137 -1 0.17 0.04 0.15 -0.24
12/part/138 -1 0.11 0.09 0.21 0.35
12/part/139 -1 0.05 -0.02 -0.21 -0.17
12/part/140 -1 -0.07 -0.02 -0.26 -0.09
12/part/141 -1 0.13 -0.02 -0.15 -0.19
12/part/142 -1 -0.01 0.17 -0.26 0.02
12/part/143 -1 0.23 -0.14 0.04 -0.22
12/part/144 -1 0.06 0.16 -0.21 -0.01
12/part/145 -1 0.11 -0.09 -0.10 -0.18
12/part/146 -1 0.04 -0.12 -0.18 -0.23
12/part/147 -1 0.10 0.11 0.22 0.39
12/part/148 -1 0.09 0.09 0.14 0.30
12/part/149 -1 -0.11 0.07 -0.19 0.13
12/part/150 -1 -0.29 0.02 -0.06 0.43
12/part/151 -1 0.14 -0.19 0.10 -0.09
12/part/152 -1 0.24 0.18 -0.03 0.00
12/part/153 -1 -0.07 -0.25 -0.10 -0.15
12/part/154 -1 0.03 -0.28 0.11 -0.07
12/part/155 -1 -0.28 0.07 -0.07 0.42
12/part/156 -1 0.21 0.17 -0.01 0.05
12/part/157 -1 -0.01 0.19 -0.19 0.11
12/part/158 -1 0.04 -0.14 -0.09 -0.17
12/part/159 -1 0.03 0.00 -0.22 -0.16
12/part/160 -1 0.06 0.21 -0.23 0.00
12/part/161 -1 0.18 -0.03 -0.07 -0.19
12/part/162 -1 0.04 0.11 -0.25 -0.10
12/part/163 -1 0.06 0.15 -0.21 -0.03
12/part/164 -1 -0.01 0.13 -0.29 -0.06
12/part/165 -1 0.19 0.10 -0.10 -0.11
12/part/166 -1 0.01 0.17 -0.23 0.02
12/part/167 -1 0.23 0.07 -0.06 -0.14
12/part/168 -1 0.25 0.17 0.07 -0.09
12/part/169 -1 -0.32 0.16 -0.14 0.21
12/part/170 -1 -0.22 -0.16 -0.16 -0.21
12/part/171 -1 -0.41 -0.15 -0.06 0.07
12/part/172 -1 0.16 0.14 -0.02 -0.12
12/part/173 -1 -0.05 0.07 -0.21 -0.18
12/part/174 -1 0.14 0.19 -0.03 -0.06
12/part/175 -1 0.06 -0.17 0.16 -0.18
12/part/176 -1 0.15 0.21 0.08 0.05
12/part/177 -1 0.21 0.21 0.05 -0.04
12/part/178 -1 -0.18 0.07 0.11 0.23
12/part/179 -1 -0.29 -0.21 -0.12 -0.16
12/part/180 -1 0.05 -0.13 0.09 -0.20
12/part/181 -1 0.26 0.15 0.03 -0.02
12/part/182 -1 0.11 0.19 -0.16 -0.03
12/part/183 -1 -0.11 0.12 -0.15 0.15
12/part/184 -1 -0.09 -0.01 -0.23 -0.09
12/part/185 -1 0.05 -0.00 -0.18 -0.17
12/part/186 -1 0.03 -0.20 0.25 0.11
12/part/187 -1 0.04 -0.00 -0.21 -0.20
12/part/188 -1 0.03 0.21 -0.23 -0.01
12/part/189 -1 0.11 -0.06 -0.09 -0.20
12/part/190 -1 0.23 0.10 -0.03 -0.12
12/part/191 -1 -0.03 -0.02 -0.26 -0.19
12/part/192 -1 0.22 0.21 -0.01 0.04
12/part/193 -1 -0.17 0.04 -0.03 0.27
12/part/194 -1 0.12 -0.19 0.17 -0.05
12/part/195 -1 0.18 0.17 0.01 0.23
12/part/196 -1 0.14 0.11 -0.12 0.06
12/part/197 -1 0.18 -0.03 0.19 0.27
12/part/198 -1 0.25 0.14 -0.10 -0.03
12/part/199 -1 0.27 -0.13 -0.02 -0.22
12/part/200 -1 0.19 -0.04 -0.17 -0.23
12/part/201 -1 0.14 0.05 0.27 0.50
12/part/202 -1 0.18 0.17 0.01 0.23
12/part/203 -1 -0.10 -0.19 0.07 0.31
12/part/204 -1 0.19 -0.05 0.17 0.21
12/part/205 -1 0.13 -0.02 -0.24 -0.21
12/part/206 -1 0.17 -0.03 0.12 0.19
12/part/207 -1 -0.11 0.06 -0.21 0.21
12/part/208 -1 -0.01 -0.43 0.04 -0.08
12/part/209 -1 0.13 0.19 -0.24 0.00
12/part/210 -1 0.17 -0.00 -0.23 -0.22
12/part/211 -1 0.10 -0.20 -0.08 -0.15
12/part/212 -1 0.18 -0.11 -0.11 -0.20
12/part/213 -1 -0.07 -0.28 -0.24 -0.14
12/part/214 -1 -0.22 -0.28 -0.11 0.24
12/part/215 -1 -0.05 -0.07 0.01 0.40
12/part/216 -1 0.17 -0.24 -0.04 -0.16
12/part/217 -1 0.19 0.08 -0.21 -0.10
12/part/218 -1 -0.12 -0.32 -0.06 0.15
12/part/219 -1 0.16 0.06 -0.19 -0.04
12/part/220 -1 0.20 0.06 -0.22 -0.15
12/part/221 -1 0.07 0.11 -0.10 0.25
12/part/222 -1 0.25 -0.19 0.04 -0.10
12/part/223 -1 0.21 -0.35 0.14 -0.06
12/part/224 -1 0.08 -0.16 -0.20 -0.16
12/part/225 -1 0.16 -0.08 -0.14 -0.13
12/part/226 -1 -0.08 -0.30 0.12 0.34
12/part/227 -1 0.12 -0.07 0.11 0.30
12/part/228 -1 0.29 0.16 -0.11 -0.02
12/part/229 -1 0.19 -0.06 -0.14 -0.21
12/part/230 -1 0.28 0.04 -0.09 -0.16
12/part/231 -1 -0.27 -0.18 -0.17 0.21
12/part/232 -1 0.09 -0.31 0.16 0.05
12/part/233 -1 0.02 0.13 -0.30 -0.01
12/part/234 -1 0.22 0.01 -0.10 -0.13
12/part/235 -1 -0.02 -0.57 0.18 -0.04
12/part/236 -1 -0.16 -0.39 -0.09 -0.04
12/part/237 -1 0.20 0.14 -0.11 0.02
12/part/238 -1 0.28 0.20 -0.10 -0.01
12/part/239 -1 -0.07 0.11 -0.11 0.33
12/part/240 -1 -0.13 0.07 -0.07 0.42
12/part/241 -1 0.05 -0.14 -0.19 -0.17
12/part/242 -1 -0.08 -0.10 -0.25 -0.05
12/part/243 -1 0.18 0.07 0.17 0.17
12/part/244 -1 -0.13 -0.21 -0.19 -0.16
12/part/245 -1 0.15 -0.22 0.14 -0.12
12/part/246 -1 0.11 -0.04 -0.13 -0.19
12/part/247 -1 -0.21 -0.21 -0.07 0.06
12/part/248 -1 0.24 0.06 -0.02 -0.12
12/part/249 -1 0.11 -0.37 0.21 -0.13
12/part/250 -1 0.23 0.13 -0.05 -0.07
12/part/251 -1 -0.02 0.02 -0.25 -0.12
12/part/252 -1 0.15 -0.06 -0.05 -0.17
12/part/253 -1 0.25 0.08 -0.04 -0.13
12/part/254 -1 -0.10 -0.10 -0.24 -0.15
12/part/255 -1 0.23 -0.07 0.05 -0.16
12/part/256 -1 0.01 0.03 -0.26 -0.17
12/part/257 -1 0.17 0.04 -0.12 -0.17
12/part/258 -1 0.24 0.03 -0.06 -0.13
12/part/259 -1 -0.22 -0.11 -0.16 0.14
12/part/260 -1 0.18 0.18 -0.13 -0.00
12/part/261 -1 0.05 0.12 -0.29 -0.10
12/part/262 -1 -0.18 0.12 -0.18 0.30
12/part/263 -1 -0.19 -0.23 -0.04 0.14
12/part/264 -1 -0.21 -0.28 -0.12 0.01
12/part/265 -1 0.00 -0.11 -0.27 -0.24
12/part/266 -1 0.11 -0.11 0.34 0.35
12/part/267 -1 0.21 -0.12 0.04 -0.13
12/part/268 -1 0.07 0.19 -0.21 0.03
12/part/269 -1 0.05 0.01 0.17 0.34
12/part/270 -1 0.01 0.00 -0.22 0.26
12/part/271 -1 -0.00 -0.67 0.13 0.19
12/part/272 -1 0.08 -0.06 -0.21 0.09
12/part/273 -1 0.26 0.14 -0.15 0.11
12/part/274 -1 0.22 0.17 -0.24 0.06
12/part/275 -1 -0.20 -0.13 -0.16 0.57
12/part/276 -1 -0.08 -0.31 -0.11 0.27
12/part/277 -1 -0.07 -0.11 -0.22 0.27
12/part/278 -1 0.26 0.08 -0.09 0.15
12/part/279 -1 -0.04 -0.49 0.00 0.21
12/part/280 -1 0.19 -0.31 -0.11 -0.15
12/part/281 -1 0.06 -0.21 -0.10 0.17
12/part/282 -1 0.28 0.16 -0.12 0.13
12/part/283 -1 -0.24 -0.26 0.00 0.78
12/part/284 -1 -0.14 -0.23 -0.13 0.42
12/part/285 -1 0.17 -0.18 0.07 0.29
12/part/286 -1 0.24 0.05 -0.17 0.02
12/part/287 -1 0.05 0.12 -0.28 0.21
12/part/288 -1 0.24 -0.22 0.03 0.07
12/part/289 -1 0.14 -0.02 0.06 0.38
12/part/290 -1 -0.16 -0.49 -0.21 -0.05
12/part/291 -1 0.20 -0.04 -0.18 -0.09
12/part/292 -1 0.16 -0.35 -0.04 -0.12
12/part/293 -1 0.09 0.05 -0.26 0.04
12/part/294 -1 0.20 -0.20 -0.05 -0.05
12/part/295 -1 0.20 -0.02 -0.18 -0.07
12/part/296 -1 0.16 0.17 -0.22 0.12
12/part/297 -1 0.22 -0.09 -0.20 -0.21
12/part/298 -1 -0.06 -0.24 -0.14 0.16
12/part/299 -1 0.21 0.16 -0.15 0.13
12/part/300 -1 0.18 0.13 -0.29 -0.05
12/part/301 -1 -0.23 -0.56 -0.13 0.12
12/part/302 -1 -0.02 0.01 -0.24 0.21
12/part/303 -1 0.14 0.04 -0.29 -0.09
12/part/304 -1 -0.03 -0.15 -0.16 0.18
12/part/305 -1 0.13 -0.03 0.14 0.25
12/part/306 -1 -0.24 -0.47 -0.07 0.04
12/part/307 -1 0.11 -0.11 0.11 0.18
12/part/308 -1 0.16 -0.09 -0.14 -0.20
12/part/309 -1 -0.11 -0.15 -0.22 -0.00
12/part/310 -1 0.10 0.09 -0.25 -0.07
12/part/311 -1 0.15 -0.23 0.00 -0.13
12/part/312 -1 -0.05 -0.19 -0.21 -0.11
12/part/313 -1 0.04 -0.38 0.29 0.22
12/part/314 -1 -0.14 -0.18 -0.20 0.02
12/part/315 -1 0.19 0.05 0.17 0.31
12/part/316 -1 0.15 -0.07 -0.20 -0.23
12/part/317 -1 0.05 0.11 -0.21 0.05
12/part/318 -1 0.13 -0.16 0.14 0.13
12/part/319 -1 -0.18 -0.34 0.07 0.24
12/part/320 -1 0.20 0.05 0.15 0.25
12/part/321 -1 -0.05 -0.26 -0.17 -0.16
12/part/322 -1 -0.10 0.01 -0.22 0.11
12/part/323 -1 -0.20 -0.22 -0.03 0.25
12/part/324 -1 -0.02 -0.40 0.05 -0.06
12/part/325 -1 0.17 0.20 -0.06 0.16
12/part/326 -1 0.10 -0.06 -0.26 -0.25
12/part/327 -1 0.21 -0.09 0.13 0.07
12/part/328 -1 0.23 -0.25 0.09 -0.17
12/part/329 -1 -0.21 -0.07 -0.08 0.36
12/part/330 -1 0.03 0.15 -0.22 0.09
12/part/331 -1 0.28 0.22 -0.08 0.02
12/part/332 -1 -0.23 -0.12 -0.07 0.35
12/part/333 -1 0.16 0.06 -0.25 -0.12
12/part/334 -1 0.24 -0.19 0.04 -0.08
12/part/335 -1 0.24 0.06 -0.14 -0.07
12/part/336 -1 -0.33 -0.14 -0.10 0.57
12/part/337 -1 0.19 0.04 -0.13 -0.02
12/part/338 -1 0.23 0.09 -0.02 0.12
12/part/339 -1 0.04 -0.04 0.22 0.60
12/part/340 -1 -0.14 -0.11 -0.04 0.42
12/part/341 -1 0.05 0.17 -0.28 0.10
12/part/342 -1 0.06 -0.00 -0.29 -0.10
12/part/343 -1 0.21 0.24 -0.19 0.08
12/part/344 -1 0.13 0.02 -0.19 -0.04
12/part/345 -1 0.18 -0.14 -0.16 -0.21
12/part/346 -1 -0.23 0.01 -0.09 0.60
12/part/347 -1 0.04 0.13 -0.16 0.24
12/part/348 -1 0.03 -0.11 -0.24 -0.10
12/part/349 -1 0.08 -0.11 -0.32 -0.23
12/part/350 -1 -0.22 -0.60 -0.09 0.08
12/part/351 -1 0.09 -0.10 -0.29 -0.18
12/part/352 -1 0.24 0.04 -0.22 -0.15
12/part/353 -1 -0.02 0.12 -0.24 0.28
12/part/354 -1 -0.08 -0.40 -0.02 0.17
12/part/355 -1 0.12 0.12 -0.31 -0.04
12/part/356 -1 0.12 -0.18 -0.15 -0.11
12/part/357 -1 0.23 0.14 -0.17 0.02
12/part/358 -1 0.21 -0.22 0.09 0.09
12/part/359 -1 0.24 -0.04 -0.19 -0.19
12/part/360 -1 0.02 0.17 -0.29 0.18
12/part/361 -1 0.21 -0.13 -0.16 -0.20
12/part/362 -1 0.21 -0.16 -0.11 -0.15
12/part/363 -1 0.28 0.13 -0.11 0.03
12/part/364 -1 -0.17 -0.46 -0.21 -0.04
12/part/365 -1 0.08 0.18 -0.32 0.06
12/part/366 -1 0.19 -0.34 0.15 0.61
12/part/367 -1 0.24 -0.53 0.06 0.17
12/part/368 -1 0.18 -0.55 0.04 0.16
12/part/369 -1 0.22 -0.03 -0.29 -0.05
12/part/370 -1 0.11 -0.09 -0.07 0.55
12/part/371 -1 0.05 -0.03 -0.17 0.55
12/part/372 -1 -0.04 -0.38 -0.18 0.33
12/part/373 -1 -0.09 -0.70 -0.15 0.17
12/part/374 -1 0.05 -0.11 -0.17 0.47
12/part/375 -1 0.16 -0.15 -0.34 -0.14
12/part/376 -1 0.29 0.06 -0.27 -0.04
12/part/377 -1 0.19 -0.10 -0.08 0.36
12/part/378 -1 0.19 -0.12 -0.27 -0.02
12/part/379 -1 0.35 0.01 -0.19 -0.08
12/part/380 -1 0.08 -0.86 0.07 0.11
12/part/381 -1 -0.15 -0.61 -0.11 0.46
12/part/382 -1 0.11 -0.93 0.15 0.14
12/part/383 -1 -0.02 -0.36 -0.03 0.61
12/part/384 -1 0.13 -0.11 -0.10 0.48
12/part/385 -1 0.17 -0.03 -0.33 0.01
12/part/386 -1 0.26 -0.16 -0.12 0.13
12/part/387 -1 0.22 0.10 -0.19 0.33
12/part/388 -1 0.21 -0.35 -0.05 0.19
12/part/389 -1 0.32 -0.15 -0.16 -0.06
12/part/390 -1 0.07 -0.34 0.06 0.74
12/part/391 -1 0.19 0.04 -0.36 -0.02
12/part/392 -1 0.03 -0.10 -0.30 0.31
12/part/393 -1 0.23 0.15 -0.25 0.24
12/part/394 -1 0.22 -0.17 -0.06 0.33
12/part/395 -1 0.15 -0.22 -0.11 0.32
12/part/396 -1 0.15 -0.19 -0.28 0.01
12/part/397 -1 0.27 -0.43 -0.07 -0.06
12/part/398 -1 -0.27 -0.55 -0.03 0.25
12/part/399 -1 0.09 -0.14 0.16 0.40
12/part/400 -1 0.25 0.20 -0.20 -0.01
12/part/401 -1 -0.15 -0.41 -0.22 -0.07
12/part/402 -1 -0.17 -0.30 -0.04 0.33
12/part/403 -1 0.01 -0.09 0.22 0.64
12/part/404 -1 -0.19 -0.54 -0.03 0.14
12/part/405 -1 0.02 0.15 -0.24 0.23
12/part/406 -1 0.12 -0.32 0.29 0.36
12/part/407 -1 -0.17 -0.26 -0.13 0.23
12/part/408 -1 -0.08 -0.56 0.12 0.12
12/part/409 -1 0.27 -0.04 -0.12 -0.18
12/part/410 -1 -0.02 -0.26 0.04 0.23
12/part/411 -1 -0.16 -0.30 0.00 0.33
12/part/412 -1 -0.15 0.04 -0.15 0.44
12/part/413 -1 0.32 0.09 -0.11 -0.11
12/part/414 -1 0.22 0.01 -0.17 -0.13
12/part/415 -1 -0.07 0.03 -0.12 0.36
12/part/416 -1 0.22 -0.06 -0.08 -0.07
12/part/417 -1 0.29 -0.05 -0.06 -0.15
12/part/418 -1 0.13 -0.00 -0.19 -0.05
12/part/419 -1 -0.17 0.02 -0.14 0.46
12/part/420 -1 0.16 -0.46 0.22 0.02
12/part/421 -1 -0.09 -0.14 -0.19 0.12
12/part/422 -1 0.27 -0.05 -0.12 -0.20
12/part/423 -1 -0.16 0.01 -0.10 0.49
12/part/424 -1 0.11 -0.22 -0.08 0.13
12/part/425 -1 0.29 0.02 -0.10 0.05
12/part/426 -1 0.32 0.14 -0.15 0.03
12/part/427 -1 0.18 0.01 -0.10 0.22
12/part/428 -1 0.05 -0.26 -0.19 0.02
12/part/429 -1 0.15 0.16 -0.35 0.00
12/part/430 -1 0.32 0.16 -0.16 0.04
12/part/431 -1 -0.20 -0.50 -0.19 0.18
12/part/432 -1 -0.09 -0.04 -0.09 0.65
12/part/433 -1 0.16 0.19 -0.35 0.00
12/part/434 -1 0.04 -0.36 -0.18 -0.05
12/part/435 -1 -0.00 -0.35 -0.15 0.08
12/part/436 -1 0.27 -0.05 -0.06 0.07
12/part/437 -1 -0.20 -0.65 -0.19 0.04
12/part/438 -1 0.13 -0.04 -0.11 0.23
12/part/439 -1 0.06 0.02 -0.27 0.15
12/part/440 -1 -0.13 -0.07 -0.12 0.61
12/part/441 -1 0.12 -0.25 -0.09 0.06
12/part/442 -1 0.29 -0.04 -0.19 -0.16
12/part/443 -1 0.28 -0.21 -0.03 -0.09
12/part/444 -1 0.04 -0.17 -0.29 -0.08
12/part/445 -1 0.03 -0.64 0.26 0.35
12/part/446 -1 0.19 0.04 -0.21 0.02
12/part/447 -1 0.18 0.14 -0.30 -0.02
12/part/448 -1 -0.14 -0.63 -0.05 0.15
12/part/449 -1 -0.03 -0.06 -0.26 0.20
12/part/450 -1 -0.05 0.03 -0.21 0.40
12/part/451 -1 0.32 0.13 -0.17 -0.04
12/part/452 -1 0.34 0.07 -0.14 -0.09
12/part/453 -1 0.07 0.14 -0.27 0.20
12/part/454 -1 0.18 0.21 -0.27 0.10
12/part/455 -1 0.19 -0.30 0.08 0.15
12/part/456 -1 0.01 -0.36 -0.10 0.09
12/part/457 -1 0.10 0.16 -0.32 0.10
12/part/458 -1 -0.02 -0.30 -0.13 0.15
12/part/459 -1 0.09 0.03 -0.11 0.32
12/part/460 -1 0.22 0.16 -0.24 0.02
12/part/461 -1 -0.18 -0.75 0.04 0.16
12/part/462 -1 0.09 -0.26 -0.22 -0.18
12/part/463 -1 0.28 -0.16 -0.12 -0.22
12/part/464 -1 0.19 -0.11 0.03 0.20
12/part/465 -1 0.05 -0.42 -0.08 -0.07
12/part/466 -1 0.06 -0.29 -0.20 -0.13
12/part/467 -1 0.21 -0.29 0.08 0.06
12/part/468 -1 0.12 0.07 -0.34 -0.09
12/part/469 -1 0.26 -0.04 -0.15 -0.11
12/part/470 -1 0.32 0.20 -0.13 0.06
12/part/471 -1 -0.11 0.02 -0.14 0.52
12/part/472 -1 0.33 0.03 -0.15 -0.16
12/part/473 -1 0.28 0.09 -0.12 0.02
12/part/474 -1 0.23 -0.19 -0.10 -0.14
12/part/475 -1 0.13 0.18 -0.32 0.04
12/part/476 -1 0.02 -0.41 0.02 0.15
12/part/477 -1 0.26 0.08 -0.01 0.22
12/part/478 -1 -0.24 -0.56 -0.07 0.26
12/part/479 -1 0.19 0.24 -0.09 0.02
12/part/480 -1 0.10 0.22 -0.08 0.12
12/part/481 -1 -0.10 0.13 -0.22 0.09
12/part/482 -1 0.14 0.15 0.10 0.19
12/part/483 -1 -0.17 -0.21 -0.18 -0.14
12/part/484 -1 -0.32 0.03 -0.11 0.34
12/part/485 -1 0.24 0.04 -0.01 -0.14
12/part/486 -1 0.12 -0.08 -0.10 -0.24
12/part/487 -1 0.05 0.22 -0.23 0.00
12/part/488 -1 0.19 -0.08 -0.16 0.00
12/part/489 -1 0.15 0.06 -0.33 -0.08
12/part/490 -1 -0.07 -0.17 -0.22 0.26
12/part/491 -1 0.13 -0.02 -0.28 -0.04
12/part/492 -1 -0.10 -0.57 0.06 0.35
12/part/493 -1 0.07 -0.03 -0.25 0.11
12/part/494 -1 0.22 0.07 -0.10 0.21
12/part/495 -1 0.14 -0.06 -0.32 -0.16
12/part/496 -1 0.14 -0.40 -0.05 -0.06
12/part/497 -1 0.29 0.14 -0.07 0.22
12/part/498 -1 0.19 -0.45 0.13 0.13
12/part/499 -1 -0.07 0.03 -0.26 0.37
12/part/500 -1 0.23 -0.27 -0.03 -0.04
12/part/501 -1 0.18 0.12 -0.28 0.02
12/part/502 -1 0.24 0.08 -0.22 -0.02
12/part/503 -1 -0.01 -0.18 0.14 0.74
12/part/504 -1 0.10 -0.15 0.16 0.21
12/part/505 -1 -0.11 -0.02 0.04 0.45
12/part/506 -1 0.22 -0.07 -0.04 -0.12
12/part/507 -1 0.14 0.03 0.27 0.47
12/part/508 -1 0.09 0.24 -0.27 0.04
12/part/509 -1 -0.14 -0.09 -0.18 0.14
12/part/510 -1 0.22 0.02 -0.11 -0.13
12/part/511 -1 0.14 0.22 -0.22 0.04
12/part/512 -1 -0.33 -0.51 -0.15 -0.01
12/part/513 -1 -0.18 -0.40 -0.05 0.04
12/part/514 -1 0.03 0.06 -0.30 -0.08
12/part/515 -1 -0.31 -0.01 -0.12 0.49
12/part/516 -1 0.27 0.10 -0.11 -0.11
12/part/517 -1 0.26 -0.13 -0.02 -0.21
12/part/518 -1 0.10 0.10 -0.22 -0.04
12/part/519 -1 -0.22 -0.32 -0.20 -0.09
12/part/520 -1 0.12 -0.14 0.31 0.30
12/part/521 -1 -0.03 0.10 -0.23 0.07
12/part/522 -1 -0.12 -0.17 0.09 0.29
12/part/523 -1 0.21 -0.13 -0.05 -0.23
12/part/524 -1 0.09 0.10 -0.23 -0.08
12/part/525 -1 0.03 0.13 -0.14 0.13
12/part/526 -1 -0.04 -0.23 -0.12 -0.11
12/part/527 -1 0.11 0.09 -0.20 -0.07
12/part/528 -1 -0.28 -0.37 -0.17 -0.03
12/part/529 -1 -0.09 -0.27 -0.18 -0.10
12/part/530 -1 0.16 0.00 -0.19 -0.16
12/part/531 -1 0.17 0.15 -0.18 -0.01
12/part/532 -1 0.15 0.23 -0.19 0.08
12/part/533 -1 0.01 -0.16 -0.25 -0.20
12/part/534 -1 0.20 -0.32 0.15 -0.10
12/part/535 -1 -0.18 -0.46 -0.05 0.00
12/part/536 -1 0.25 0.22 -0.12 0.04
12/part/537 -1 0.08 0.19 -0.15 0.18
12/part/538 -1 0.18 -0.08 0.18 0.21
12/part/539 -1 -0.04 0.11 -0.27 0.11
12/part/540 -1 0.07 0.13 -0.24 0.01
12/part/541 -1 0.03 0.13 -0.24 0.08
12/part/542 -1 0.28 0.21 -0.10 0.02
12/part/543 -1 0.11 -0.11 -0.20 -0.22
12/part/544 -1 0.00 -0.31 -0.09 -0.13
12/part/545 -1 -0.13 -0.25 -0.13 -0.01
12/part/546 -1 0.10 0.15 -0.03 0.22
12/part/547 -1 0.04 -0.05 -0.25 -0.17
12/part/548 -1 0.14 -0.35 0.14 -0.11
12/part/549 -1 0.08 -0.42 0.26 0.04
12/part/550 -1 -0.18 -0.18 0.00 0.28
12/part/551 -1 0.15 -0.35 0.29 0.06
12/part/552 -1 0.00 0.13 -0.16 0.17
12/part/553 -1 0.03 0.17 -0.20 0.13
12/part/554 -1 0.03 0.03 -0.28 -0.12
12/part/555 -1 0.06 -0.18 0.24 0.28
12/part/556 -1 0.26 -0.05 -0.06 -0.21
12/part/557 -1 -0.27 -0.44 -0.04 0.08
12/part/558 -1 0.16 0.20 -0.17 0.03
12/part/559 -1 -0.22 -0.15 -0.18 0.13
12/part/560 -1 0.25 0.09 0.08 0.12
12/part/561 -1 0.26 0.01 -0.07 -0.17
12/part/562 -1 0.07 0.12 -0.15 -0.08
12/part/563 -1 0.15 0.14 0.23 0.27
12/part/564 -1 0.21 -0.09 0.04 -0.23
12/part/565 -1 0.20 0.24 -0.01 0.06
12/part/566 -1 -0.24 0.11 -0.10 0.30
12/part/567 -1 0.01 -0.07 -0.17 -0.22
12/part/568 -1 0.16 -0.20 0.26 -0.05
12/part/569 -1 -0.24 -0.39 -0.01 -0.12
12/part/570 -1 0.14 -0.07 -0.06 -0.24
12/part/571 -1 0.11 -0.18 0.12 -0.12
12/part/572 -1 0.09 0.24 -0.10 0.07
12/part/573 -1 -0.04 0.14 0.06 0.29
12/part/574 -1 0.10 -0.28 0.35 0.03
12/part/575 -1 0.02 -0.06 -0.20 -0.24
12/part/576 -1 0.05 -0.66 -0.03 0.02
12/part/577 -1 0.30 0.13 -0.24 -0.01
12/part/578 -1 0.22 -0.01 -0.29 -0.09
12/part/579 -1 -0.02 -0.59 -0.11 0.10
12/part/580 -1 -0.13 -0.93 0.03 0.19
12/part/581 -1 0.21 0.04 -0.31 -0.08
12/part/582 -1 0.22 -0.07 -0.09 0.20
12/part/583 -1 0.34 0.12 -0.16 0.03
12/part/584 -1 0.18 -0.02 -0.31 -0.08
12/part/585 -1 0.04 -0.07 -0.29 0.17
12/part/586 -1 0.22 -0.29 0.02 0.18
12/part/587 -1 -0.09 -0.96 0.06 0.16
12/part/588 -1 -0.09 -0.15 -0.00 0.84
12/part/589 -1 0.29 -0.14 -0.10 -0.01
