12/positive/0 1 -0.02 -0.14 0.01 0.11
12/positive/1 1 -0.04 0.01 -0.12 0.14
12/positive/2 1 0.22 0.01 0.06 0.04
12/positive/3 1 -0.01 0.07 -0.14 0.13
12/positive/4 1 0.10 -0.20 -0.01 -0.11
12/positive/5 1 0.01 0.11 -0.13 0.15
12/positive/6 1 0.16 -0.09 -0.02 -0.08
12/positive/7 1 0.09 0.02 -0.05 0.12
12/positive/8 1 0.21 -0.04 -0.01 -0.03
12/positive/9 1 0.01 0.00 -0.24 -0.02
12/positive/10 1 -0.01 0.04 -0.15 0.14
12/positive/11 1 -0.03 -0.17 -0.08 0.06
12/positive/12 1 0.12 -0.12 0.04 0.06
12/positive/13 1 0.12 -0.01 -0.14 -0.06
12/positive/14 1 -0.17 0.11 -0.04 -0.08
12/positive/15 1 -0.07 0.10 0.14 -0.03
12/positive/16 1 0.00 0.03 0.16 -0.14
12/positive/17 1 -0.10 0.17 0.03 -0.02
12/positive/18 1 -0.19 0.02 0.11 -0.04
12/positive/19 1 0.07 0.18 0.17 -0.03
12/positive/20 1 -0.07 0.06 0.01 -0.17
12/positive/21 1 -0.03 0.08 0.10 -0.11
12/positive/22 1 -0.19 0.03 0.17 0.09
12/positive/23 1 0.01 0.05 0.09 -0.11
12/positive/24 1 0.00 0.01 0.24 -0.03
12/positive/25 1 0.15 0.03 0.12 -0.10
12/positive/26 1 -0.06 -0.01 -0.15 -0.19
12/positive/27 1 -0.12 0.14 0.03 0.17
12/positive/28 1 0.02 0.16 -0.09 -0.05
12/positive/29 1 0.01 0.07 0.07 0.01
12/positive/30 1 0.01 -0.14 0.27 -0.02
12/positive/31 1 -0.00 0.03 0.08 -0.00
12/positive/32 1 -0.14 -0.02 0.16 -0.17
12/positive/33 1 -0.10 -0.14 -0.06 0.17
12/positive/34 1 -0.03 -0.25 -0.05 -0.01
12/positive/35 1 0.09 0.08 -0.11 0.09
12/positive/36 1 0.03 0.02 -0.26 -0.08
12/positive/37 1 0.13 0.02 -0.06 0.05
12/positive/38 1 -0.16 -0.04 0.13 -0.10
12/positive/39 1 0.01 0.14 0.17 -0.01
12/positive/40 1 0.03 0.10 -0.19 0.00
12/positive/41 1 0.03 -0.16 -0.08 -0.14
12/positive/42 1 -0.04 -0.04 -0.12 0.02
12/positive/43 1 0.01 0.10 -0.13 0.08
12/positive/44 1 -0.02 -0.05 -0.00 0.11
12/positive/45 1 0.01 -0.12 0.01 0.02
12/positive/46 1 0.05 0.12 -0.16 0.02
12/positive/47 1 0.01 -0.14 0.01 -0.03
12/positive/48 1 -0.11 -0.18 0.04 0.11
12/positive/49 1 0.09 -0.09 -0.07 -0.15
12/positive/50 1 -0.05 0.15 -0.05 0.05
12/positive/51 1 -0.07 -0.17 0.19 -0.04
12/positive/52 1 -0.03 0.18 -0.06 0.05
12/positive/53 1 -0.18 0.04 -0.14 -0.02
12/positive/54 1 0.09 0.05 0.11 -0.03
12/positive/55 1 0.11 0.02 0.19 -0.00
12/positive/56 1 0.05 0.15 0.05 0.05
12/positive/57 1 0.01 -0.13 0.02 -0.05
12/positive/58 1 -0.01 0.12 -0.06 0.15
12/positive/59 1 -0.03 -0.04 -0.20 -0.14
12/positive/60 1 -0.08 0.02 -0.17 0.00
12/positive/61 1 -0.06 0.11 -0.18 0.05
12/positive/62 1 0.11 -0.13 0.12 -0.05
12/positive/63 1 0.01 0.03 -0.04 0.25
12/positive/64 1 -0.01 -0.02 -0.08 0.17
12/positive/65 1 0.04 -0.23 0.07 0.19
12/positive/66 1 0.06 -0.24 -0.09 -0.07
12/positive/67 1 -0.05 -0.37 -0.05 0.00
12/positive/68 1 0.18 -0.17 0.01 -0.03
12/positive/69 1 0.06 0.08 -0.13 0.11
12/positive/70 1 0.01 -0.05 0.08 0.31
12/positive/71 1 0.04 -0.05 -0.11 0.03
12/positive/72 1 0.23 -0.06 0.06 -0.01
12/positive/73 1 0.22 0.03 -0.05 -0.05
12/positive/74 1 0.16 -0.06 -0.01 -0.01
12/positive/75 1 -0.10 0.01 -0.24 -0.04
12/positive/76 1 0.04 0.01 -0.11 -0.04
12/positive/77 1 -0.16 -0.01 -0.22 0.04
12/positive/78 1 -0.08 -0.04 -0.14 0.01
12/positive/79 1 -0.08 -0.21 -0.06 -0.08
12/positive/80 1 0.09 -0.12 -0.01 -0.06
12/positive/81 1 -0.07 -0.02 -0.02 0.23
12/positive/82 1 0.00 -0.25 0.09 0.04
12/positive/83 1 0.02 -0.05 -0.04 0.07
12/positive/84 1 0.10 -0.16 0.09 0.02
12/positive/85 1 0.19 0.01 -0.03 -0.07
12/positive/86 1 -0.02 0.02 -0.11 0.11
12/positive/87 1 0.15 0.12 0.02 0.15
12/positive/88 1 0.16 -0.18 -0.04 0.05
12/positive/89 1 0.11 -0.03 -0.09 0.20
12/positive/90 1 0.20 0.01 -0.14 0.01
12/positive/91 1 0.27 -0.02 -0.04 0.04
12/positive/92 1 -0.04 -0.01 -0.08 0.22
12/positive/93 1 -0.08 -0.15 -0.13 0.08
12/positive/94 1 0.09 -0.09 -0.03 0.03
12/positive/95 1 0.21 -0.02 -0.05 -0.07
12/positive/96 1 0.22 0.08 -0.02 0.05
12/positive/97 1 0.09 -0.11 -0.03 0.01
12/positive/98 1 0.10 -0.11 -0.02 -0.01
12/positive/99 1 0.03 -0.22 0.06 0.08
12/positive/100 1 -0.04 -0.21 -0.14 -0.07
12/positive/101 1 -0.02 -0.15 0.05 0.18
12/positive/102 1 0.01 0.04 -0.28 -0.06
12/positive/103 1 0.04 -0.34 0.11 0.00
12/positive/104 1 -0.04 0.01 -0.27 0.06
12/positive/105 1 0.06 -0.02 -0.14 0.09
12/positive/106 1 0.15 -0.10 0.04 0.13
12/positive/107 1 0.00 -0.20 0.03 0.23
12/positive/108 1 0.02 -0.32 -0.05 0.06
12/positive/109 1 -0.01 -0.21 -0.17 0.03
12/positive/110 1 0.00 -0.10 -0.09 0.24
12/positive/111 1 0.20 0.01 -0.06 0.09
12/positive/112 1 0.09 -0.12 -0.11 0.02
12/positive/113 1 -0.02 -0.11 -0.18 0.09
12/positive/114 1 0.03 0.04 -0.21 0.14
12/positive/115 1 0.01 -0.13 0.02 0.32
12/positive/116 1 -0.00 -0.15 -0.12 0.08
12/positive/117 1 -0.04 -0.22 -0.14 0.04
12/positive/118 1 0.16 -0.00 -0.14 -0.02
12/positive/119 1 0.08 0.02 -0.15 0.09
12/positive/120 1 0.18 -0.22 -0.05 0.04
12/positive/121 1 0.15 -0.19 -0.06 0.04
12/positive/122 1 -0.10 -0.01 -0.09 0.09
12/positive/123 1 -0.17 -0.02 0.01 0.25
12/positive/124 1 -0.06 -0.04 -0.12 -0.03
12/positive/125 1 0.11 0.15 -0.04 0.06
12/positive/126 1 0.17 -0.03 0.04 -0.09
12/positive/127 1 0.05 0.14 0.03 0.21
12/positive/128 1 -0.05 0.08 -0.04 0.17
12/positive/129 1 0.14 -0.09 0.03 -0.13
12/positive/130 1 0.11 0.07 -0.09 -0.05
12/positive/131 1 0.15 -0.02 -0.04 -0.14
12/positive/132 1 0.16 0.07 0.07 0.06
12/positive/133 1 -0.03 0.04 -0.06 0.27
12/positive/134 1 0.11 0.03 0.02 0.20
12/positive/135 1 -0.09 0.01 -0.23 0.11
12/positive/136 1 -0.01 -0.15 0.03 0.17
12/positive/137 1 -0.02 0.05 -0.04 0.30
12/positive/138 1 0.05 0.01 -0.21 -0.09
12/positive/139 1 0.12 0.07 -0.10 0.01
12/positive/140 1 0.00 0.09 0.02 0.32
12/positive/141 1 0.03 0.06 -0.24 -0.05
12/positive/142 1 0.15 0.12 -0.05 0.08
12/positive/143 1 0.04 0.02 -0.12 0.03
12/positive/144 1 -0.01 -0.28 -0.05 -0.11
12/positive/145 1 -0.06 0.06 -0.22 0.08
12/positive/146 1 0.02 -0.03 -0.16 -0.05
12/positive/147 1 -0.13 -0.20 -0.09 0.06
12/positive/148 1 -0.01 0.07 -0.11 0.22
12/positive/149 1 0.18 0.01 -0.08 -0.03
12/positive/150 1 0.19 -0.01 -0.06 -0.06
12/positive/151 1 -0.04 -0.13 -0.20 -0.05
12/positive/152 1 -0.06 -0.06 -0.03 0.22
12/positive/153 1 0.23 0.03 -0.04 -0.06
12/positive/154 1 0.03 0.00 -0.18 -0.01
12/positive/155 1 0.03 0.02 -0.10 -0.08
12/positive/156 1 -0.05 -0.04 -0.18 -0.14
12/positive/157 1 0.00 0.07 -0.07 0.03
12/positive/158 1 0.17 -0.06 0.00 -0.19
12/positive/159 1 0.06 -0.06 0.12 0.05
12/positive/160 1 -0.09 -0.06 -0.15 -0.08
